67386
67597
67695
69112
69412
69483
69514
69732
69999
70027
70045
70276
70998
67942
68019
68069
68139
68545
68731
68880
68938
68955
69105
71786
71835
71838
71891
71992
72019
72087
72138
72423
72462
70999
71151
71297
71332
71389
71523
71539
71552
71622
71699
78342
78484
78578
72656
73334
73845
74033
74582
75339
75650
76243
76430
76469
77354
77370
77455
77636
77726
77744
77845
77868
77872
77910
76567
76633
76640
76726
76747
76868
77082
77217
77284
77328
67388
67693
69136
69414
69486
69519
69731
70001
70029
70038
70310
70902
68023
68071
68146
68547
68627
68733
68882
68892
68956
69114
73847
74035
74599
75340
75652
76242
76346
76438
76463
76594
76634
76642
76750
76754
76870
77084
77219
77286
77330
77356
77387
77443
77638
77735
77746
77847
77874
77913
78458
78581
71842
71879
71994
72023
72085
72139
72419
72464
72658
73336
71293
71303
71331
71364
71391
71526
71540
71554
71626
71839
70030
70036
70311
70357
70903
71300
71333
71365
71393
71472
68734
68883
68903
68957
69115
69141
69415
69487
69520
70002
71541
71555
71624
71836
71840
71892
71996
72027
72080
72140
77357
77388
77444
77639
77734
77747
77848
77875
77951
78459
72420
72474
73337
73591
73850
74740
75342
75653
76347
76439
67256
67389
67694
67846
68024
68072
68147
68553
76465
76569
76643
76668
76729
76730
76871
77085
77220
77331
